901
228
505
1227
960
244
981
962
1047
741
512
927
520
135
226
1025
310
351
906
1036
225
250
1400
1397
209
427
916
059
249
213
203
214
1111
159
154
1327
258
1023
140
154
130
737
1402
994
982
1016
245
1524
1048
222
1057
930
341
200
648
134
1098
243
1513
413
224
514
407
151
200
1026
432
155
347
979
235
958
411
251
243
253
974
153
902
419
607
749
1311
223
1099
1004
980
411
1074
1022
103
124
353
322
1357
935
121
1050
977
548
542
1015
115
834
1502
1006
1097
1039
345
420
327
743
935
349
039
1395
914
509
1076
159
128
1091
1096
147
642
700
944
1002
1403
215
358
536
644
338
125
604
420
245
967
140
957
969
970
613
844
257
541
148
1034
705
1349
1037
544
1033
252
1396
952
996
954
514
500
331
1055
909
623
1005
506
912
1615
227
139
909
531
114
347
855
652
535
1102
711
128
989
321
312
811
544
1347
1070
554
1452
524
907
1110
920
919
1031
324
1818
238
504
139
1051
1043
1093
705
1344
826
335
617
922
449
1246
635
857
053
1350
111
258
530
114
1344
153
1061
1222
1354
539
985
209
147
1106
446
1094
924
341
1348
130
961
242
755
1025
257
322
642
313
315
1403
147
159
1520
1064
123
339
1075
512
219
144
449
2011
546
1068
405
404
515
1403
942
1041
1084
406
100
206
139
655
404
450
966
121
1393
127
451
330
335
971
232
759
319
1000
239
1392
1359
230
253
042
212
150
507
1011
931
228
123
1086
240
203
950
235
359
354
158
928
524
941
111
021
143
1358
818
130
1049
983
407
504
501
1236
925
712
055
241
219
321
126
159
141
104
341
331
206
256
929
1001
204
349
1355
228
515
248
259
1052
130
518
108
409
541
532
921
1058
233
157
1364
1027
907
995
1925
230
606
990
1085
228
540
451
1120
322
103
992
533
206
113
345
242
313
1062
335
633
1005
817
100
975
1003
1080
1217
331
339
330
1040
1047
952
651
159
216
1107
209
642
1390
454
309
219
425
257
1081
250
217
1347
640
544
976
244
932
855
1534
337
913
904
130
2649
984
208
926
1345
1051
1054
1066
130
956
253
446
136
1000
223
1365
951
950
242
949
1077
1046
317
1366
999
104
309
033
438
987
923
325
215
434
1048
201
403
615
322
628
1007
449
1343
721
225
212
1135
414
1361
1038
301
1522
244
445
991
1017
319
955
968
400
1625
1063
348
945
1008
338
431
103
336
1511
209
619
153
1425
427
911
200
634
351
1362
1002
139
448
054
1010
502
110
1014
1089
1367
134
336
654
959
948
153
937
352
239
965
427
1401
637
917
703
1073
210
719
972
100
973
112
527
231
317
441
325
1528
426
1368
1109
915
717
214
641
1001
1024
1072
232
1021
226
503
621
1534
619
1035
155
413
1033
220
252
1388
1825
232
908
249
1387
558
350
608
731
1059
308
443
423
315
636
1033
905
310
233
328
415
709
215
803
523
943
247
504
1386
140
419
201
623
1065
058
1346
252
256
211
206
955
228
417
435
939
821
1067
228
257
903
314
1090
355
1092
235
055
146
963
326
657
953
1012
978
448
1018
156
246
1108
1029
321
150
807
607
1014
341
940
223
344
342
936
1157
213
347
327
313
1045
993
217
1020
504
1028
109
1105
1095
602
947
404
354
1356
239
349
946
721
119
1103
356
042
1032
410
334
055
803
1079
425
537
603
1104
426
930
236
1060
401
914
101
048
535
986
934
150
1100
132
642
1088
344
1082
1114
1052
1207
1042
1013
2403
964
232
435
103
997
404
705
910
1369
1087
229
988
200
117
1011
054
56
212
628
759
228
741
320
355
804
335
454
900
1363
523
1056
125
1101
930
1053
408
212
258
420
610
1044
203
998
124
147
424
1360
1030
428
1071
116
933
1008
618
528
316
503
1019
158
1313
111
331
938
918
1069
725
459
1391
223
1398
136
635
1394
106
1083
1389
447
1078
1009
114
1399
230
930
423
1110
735
